-- Query 1: Festival yearly revenue by payment method

+---------------+---------------------+--------------------+-----------------------+---------------+
| festival_year | credit_card_revenue | debit_card_revenue | bank_transfer_revenue | total_revenue |
+---------------+---------------------+--------------------+-----------------------+---------------+
|          2027 |              589.62 |             447.26 |                519.66 |       1556.54 |
|          2026 |              561.32 |             624.73 |                494.43 |       1680.48 |
|          2022 |              556.05 |             561.38 |                662.83 |       1780.26 |
|          2021 |              697.92 |             524.97 |                549.20 |       1772.09 |
|          2020 |              474.22 |             511.36 |                438.38 |       1423.96 |
|          2019 |              400.29 |             540.60 |                594.98 |       1535.87 |
|          2018 |              557.50 |             424.36 |                661.13 |       1642.99 |
|          2017 |             1247.73 |             715.12 |               1139.39 |       3102.24 |
|          2016 |              551.73 |             822.71 |                618.94 |       1993.38 |
|          2015 |              793.87 |             895.03 |                710.30 |       2399.20 |
+---------------+---------------------+--------------------+-----------------------+---------------+
10 rows in set (0.011 sec)